ATOMTYPES    44
   1 PSEUD    -10.00    0    0
   2 C          1.38    0    6
   3 C*         1.38    0    6
   4 CA         1.38    0    6
   5 CB         1.38    0    6
   6 CC         1.38    0    6
   7 CK         1.38    0    6
   8 CM         1.38    0    6
   9 CN         1.38    0    6
  10 CQ         1.38    0    6
  11 CR         1.38    0    6
  12 CT         1.40    0    6
  13 CV         1.38    0    6
  14 CW         1.38    0    6
  15 H          0.38    1    1
  16 H1         0.88    0    1
  17 H2         0.82    0    1
  18 H3         0.76    0    1
  19 H4         0.90    0    1
  20 H5         0.86    0    1
  21 HA         0.93    0    1
  22 HC         0.95    0    1
  23 HO         0.38    1    1
  24 HP         0.70    0    1
  25 HS         0.38    1    1
  26 HW         0.38    1    1
  27 N          1.20   -1    7
  28 N*         1.20    0    7
  29 N2         1.20   -1    7
  30 N3         1.20    0    7
  31 NA         1.20    0    7
  32 NB         1.20   -1    7
  33 NC         1.20   -1    7
  34 O          1.27   -1    8
  35 O2         1.27   -1    8
  36 OH         1.32   -1    8
  37 OS         1.27   -1    8
  38 OW         1.33   -1    8
  39 P          1.61    0   15
  40 S          1.55    0   16
  41 SH         1.55    0   16
  42 LP       -10.00    0    0
  43 DUMMY    -10.00    0  999
  44 MP         1.61    0   15
